3.430799753046422929e-01
3.454610168747764831e-01
3.478474509797132574e-01
1.773398704776489587e-01
1.783927690086342110e-01
1.794452419695760637e-01
1.482836654414466937e-01
1.491086194678707677e-01
1.499319337839697119e-01
1.141653995974157565e-01
1.147426980634792260e-01
1.153178355633851931e-01
1.001272340548711448e-01
1.006090010410927577e-01
1.010884863896080593e-01
9.127442473940872159e-02
9.169232685211556322e-02
9.210779436973470791e-02
8.435943481006123734e-02
8.475203801001091053e-02
8.514260215438607116e-02
8.132370278484106485e-02
8.169670961104605333e-02
8.206768293742743026e-02
7.938004739282009115e-02
7.975771858873902109e-02
8.013365142923710438e-02
7.815977129860809947e-02
7.853413278192594715e-02
7.890685619134905904e-02
7.796361852492078581e-02
7.834759895731976953e-02
7.873009184692489337e-02
7.796361533731820115e-02
7.835402385837647588e-02
7.874302692875619070e-02
7.805888299569244126e-02
7.845554464898038538e-02
7.885087768784877771e-02
7.854654544297308416e-02
7.894877514044598699e-02
7.934965620030687283e-02
7.878648809400458364e-02
7.919307317693816128e-02
7.959833337997662683e-02
7.910971743617585539e-02
7.951724067262315454e-02
7.992338300370979698e-02
7.934754970560706222e-02
7.975706448568201101e-02
8.016517889196264623e-02
7.948015524309570701e-02
7.988831993670481024e-02
8.029503589251581197e-02
7.955394031104889851e-02
7.996093275558746605e-02
8.036644435336071091e-02
7.960280519032730817e-02
8.000838159838613572e-02
8.041244403169436894e-02
7.952980040634112513e-02
7.993347575670733951e-02
8.033563509683917803e-02
7.950282766459772221e-02
7.990499396462380499e-02
8.030562906319178851e-02
