4.573474683626580634e-02
4.594395029434319988e-02
4.615181343383130408e-02
5.684530223115143166e-02
5.709250790156880639e-02
5.733782723868566245e-02
6.149377571861694425e-02
6.176763386090364238e-02
6.203973780477502198e-02
6.666230690161846495e-02
6.697823275468053894e-02
6.729266828093945219e-02
6.971686225374998380e-02
7.006456470376191958e-02
7.041105155969444584e-02
7.272652356995094880e-02
7.310852228126819841e-02
7.348959646381857114e-02
7.544464613750760662e-02
7.585169657038606794e-02
7.625788750780414238e-02
7.792380745223062566e-02
7.835665003503368420e-02
7.878876192359744735e-02
7.988385165230964258e-02
8.032753359865661691e-02
8.077034310824784957e-02
8.152686778153547809e-02
8.198113275761609309e-02
8.243444830897492248e-02
8.236586753205170364e-02
8.281497033625351278e-02
8.326284843888873133e-02
8.274908395947967732e-02
8.319017668929053200e-02
8.362981531156354897e-02
8.260244503591512855e-02
8.302893363001366545e-02
8.345370060630880049e-02
8.192597932238702974e-02
8.233752999843238496e-02
8.274723393561420060e-02
8.116554363763646418e-02
8.156138500333352803e-02
8.195524261500747309e-02
8.016195057878758301e-02
8.054690412130800781e-02
8.092992028353061806e-02
7.929588902552514584e-02
7.967167106474778993e-02
8.004555156407343330e-02
7.851394658202408283e-02
7.888829600716813772e-02
7.926093128693141587e-02
7.801438602449364823e-02
7.839093052998870326e-02
7.876593787089621046e-02
7.773485754046589868e-02
7.811836288845759591e-02
7.850055124418606201e-02
7.784719668852933816e-02
7.823989845823098310e-02
7.863140820805979148e-02
7.804471029685085270e-02
7.844774393878696517e-02
7.884971861688735983e-02
